9 0.597718253968254 0.3855820105820106 0.05588624338624339 0.28174603174603174
5 0.4623015873015873 0.3888888888888889 0.18981481481481483 0.28835978835978837
7 0.5026455026455027 0.4990079365079365 0.31746031746031744 0.996031746031746
9 0.6096230158730159 0.5600198412698413 0.040013227513227514 0.02546296296296296
5 0.46924603174603174 0.5676256613756614 0.18386243386243387 0.022156084656084655
9 0.609292328042328 0.6172288359788359 0.04927248677248677 0.0419973544973545
5 0.46841931216931215 0.6216931216931217 0.1775793650793651 0.0496031746031746
10 0.6127645502645502 0.6575727513227513 0.041005291005291 0.02546296296296296
8 0.5104166666666666 0.7857142857142857 0.25826719576719576 0.14285714285714285
0 0.486276455026455 0.0873015873015873 0.17493386243386244 0.07341269841269842
11 0.4808201058201058 0.9105489417989417 0.19378306878306878 0.03869047619047619
4 0.484457671957672 0.16980820105820105 0.13690476190476192 0.08035714285714286
6 0.5150462962962963 0.2273478835978836 0.2013888888888889 0.026124338624338623