10 0.5696097883597884 0.42410714285714285 0.05588624338624339 0.0248015873015873
9 0.578207671957672 0.47883597883597884 0.06316137566137567 0.06944444444444445
5 0.41021825396825395 0.48197751322751325 0.1583994708994709 0.07771164021164022
3 0.4783399470899471 0.4998346560846561 0.3230820105820106 0.9996693121693122
10 0.5714285714285714 0.5324074074074074 0.04431216931216931 0.023148148148148147
8 0.46296296296296297 0.56630291005291 0.26256613756613756 0.03141534391534392
11 0.4695767195767196 0.6134259259259259 0.2691798941798942 0.05952380952380952
3 0.46511243386243384 0.06663359788359788 0.2318121693121693 0.07837301587301587
6 0.5476190476190477 0.8812830687830688 0.09457671957671958 0.023148148148148147
4 0.4679232804232804 0.1359126984126984 0.2208994708994709 0.056878306878306875
5 0.4113756613756614 0.2896825396825397 0.1593915343915344 0.24206349206349206
9 0.5725859788359788 0.2977843915343915 0.059854497354497355 0.22321428571428573