5 0.41021825396825395 0.4183201058201058 0.10052910052910052 0.026455026455026454
9 0.6137566137566137 0.4264219576719577 0.059854497354497355 0.018518518518518517
10 0.6033399470899471 0.45419973544973546 0.049933862433862435 0.022156084656084655
8 0.4947089947089947 0.4826388888888889 0.26785714285714285 0.04332010582010582
7 0.5006613756613757 0.5003306878306878 0.37103174603174605 0.9986772486772487
11 0.49537037037037035 0.529265873015873 0.27976190476190477 0.059854497354497355
6 0.5818452380952381 0.8382936507936508 0.11011904761904762 0.023148148148148147
3 0.5021494708994709 0.09126984126984126 0.23115079365079366 0.07407407407407407
4 0.5114087301587301 0.1463293650793651 0.2509920634920635 0.0539021164021164
5 0.4626322751322751 0.27959656084656087 0.19775132275132276 0.19411375661375663
9 0.6150793650793651 0.28918650793650796 0.06547619047619048 0.18154761904761904