9 0.5355489417989417 0.43039021164021163 0.0419973544973545 0.014219576719576719
5 0.3948412698412698 0.4307208994708995 0.07076719576719577 0.01488095238095238
10 0.5315806878306878 0.4495701058201058 0.0333994708994709 0.016203703703703703
7 0.4738756613756614 0.4998346560846561 0.24735449735449735 0.9050925925925926
8 0.4515542328042328 0.5357142857142857 0.18617724867724866 0.14947089947089948
11 0.4591600529100529 0.6324404761904762 0.1974206349206349 0.03207671957671958
6 0.5257936507936508 0.8382936507936508 0.07142857142857142 0.013888888888888888
3 0.45188492063492064 0.0958994708994709 0.15707671957671956 0.05092592592592592
4 0.4540343915343915 0.13657407407407407 0.16997354497354497 0.031084656084656083
5 0.42741402116402116 0.2810846560846561 0.13326719576719576 0.23941798941798942
9 0.5319113756613757 0.2847222222222222 0.04398148148148148 0.22817460317460317