5 0.46875 0.3870701058201058 0.18022486772486773 0.08961640211640212
9 0.6061507936507936 0.3898809523809524 0.037698412698412696 0.08002645502645503
9 0.6043320105820106 0.4662698412698413 0.04265873015873016 0.03306878306878307
5 0.460978835978836 0.4666005291005291 0.16600529100529102 0.03042328042328042
10 0.6063161375661376 0.4968584656084656 0.040013227513227514 0.018187830687830687
7 0.49933862433862436 0.5084325396825397 0.30886243386243384 0.9375
8 0.5021494708994709 0.576223544973545 0.24966931216931218 0.12731481481481483
11 0.49851190476190477 0.6858465608465608 0.24239417989417988 0.031084656084656083
0 0.4966931216931217 0.18022486772486773 0.19444444444444445 0.09722222222222222
4 0.5021494708994709 0.2698412698412698 0.1412037037037037 0.07275132275132275
6 0.5254629629629629 0.32506613756613756 0.20833333333333334 0.025793650793650792