5 0.4859457671957672 0.33283730158730157 0.1412037037037037 0.1259920634920635
9 0.5868055555555556 0.3384589947089947 0.02943121693121693 0.11144179894179894
5 0.48296957671957674 0.421792328042328 0.12003968253968254 0.017526455026455025
9 0.5853174603174603 0.4227843915343915 0.032407407407407406 0.016865079365079364
10 0.5853174603174603 0.44328703703703703 0.0291005291005291 0.01488095238095238
7 0.503968253968254 0.48842592592592593 0.207010582010582 0.8736772486772487
8 0.5107473544973545 0.5145502645502645 0.1822089947089947 0.11441798941798942
11 0.48561507936507936 0.6117724867724867 0.13128306878306878 0.01984126984126984
0 0.5046296296296297 0.1378968253968254 0.13756613756613756 0.0667989417989418
4 0.5085978835978836 0.2078373015873016 0.13822751322751323 0.05919312169312169
6 0.5277777777777778 0.25496031746031744 0.15013227513227514 0.016534391534391533