11 0.5451388888888888 0.41550925925925924 0.22585978835978837 0.036044973544973546
7 0.5320767195767195 0.5049603174603174 0.26521164021164023 0.8544973544973545
8 0.5565476190476191 0.6489748677248677 0.21296296296296297 0.0248015873015873
10 0.4783399470899471 0.6755952380952381 0.04794973544973545 0.01455026455026455
5 0.6235119047619048 0.7013888888888888 0.08234126984126984 0.025793650793650792
9 0.4699074074074074 0.703207671957672 0.07671957671957672 0.02943121693121693
10 0.4763558201058201 0.7311507936507936 0.04133597883597884 0.018518518518518517
5 0.5884589947089947 0.7748015873015873 0.14649470899470898 0.07275132275132275
9 0.47040343915343913 0.7776124338624338 0.04861111111111111 0.06977513227513228
4 0.5562169312169312 0.8368055555555556 0.20502645502645503 0.04265873015873016
3 0.5628306878306878 0.8821097883597884 0.1917989417989418 0.06448412698412699
6 0.4773478835978836 0.19146825396825398 0.08697089947089948 0.015873015873015872