8 0.48313492063492064 0.35962301587301587 0.26322751322751325 0.0248015873015873
11 0.48396164021164023 0.39021164021164023 0.271494708994709 0.03306878306878307
7 0.5034722222222222 0.5034722222222222 0.33366402116402116 0.9375
6 0.5699404761904762 0.8219246031746031 0.09623015873015874 0.021494708994708994
3 0.4871031746031746 0.09871031746031746 0.23941798941798942 0.06514550264550265
4 0.48644179894179895 0.15261243386243387 0.2566137566137566 0.045304232804232805
9 0.6015211640211641 0.2175925925925926 0.061507936507936505 0.0496031746031746
5 0.40988756613756616 0.22238756613756613 0.12136243386243387 0.05125661375661376
9 0.5863095238095238 0.2918320105820106 0.047619047619047616 0.0248015873015873
5 0.4322089947089947 0.29794973544973546 0.1527777777777778 0.03042328042328042
10 0.5886243386243386 0.32837301587301587 0.041005291005291 0.023148148148148147