9 0.5712632275132276 0.36706349206349204 0.05919312169312169 0.01984126984126984
5 0.39203042328042326 0.3697089947089947 0.09226190476190477 0.01984126984126984
10 0.5608465608465608 0.3888888888888889 0.04828042328042328 0.0205026455026455
8 0.4591600529100529 0.4981812169312169 0.24503968253968253 0.1875
7 0.48743386243386244 0.5077711640211641 0.3115079365079365 0.9837962962962963
11 0.46825396825396826 0.6187169312169312 0.2533068783068783 0.046957671957671955
3 0.46709656084656087 0.08068783068783068 0.19808201058201058 0.06349206349206349
6 0.5542328042328042 0.873181216931217 0.09457671957671958 0.021494708994708994
4 0.47156084656084657 0.12996031746031747 0.22486772486772486 0.03968253968253968
5 0.4416335978835979 0.24768518518518517 0.19146825396825398 0.1693121693121693
9 0.5699404761904762 0.24834656084656084 0.049933862433862435 0.1626984126984127