9 0.5795304232804233 0.359292328042328 0.05191798941798942 0.041005291005291
5 0.3933531746031746 0.35962301587301587 0.11144179894179894 0.05125661375661376
10 0.576223544973545 0.39914021164021163 0.04662698412698413 0.023148148148148147
8 0.4689153439153439 0.43187830687830686 0.2552910052910053 0.03306878306878307
11 0.47172619047619047 0.48214285714285715 0.26951058201058203 0.057539682539682536
7 0.4945436507936508 0.5171957671957672 0.34226190476190477 0.96494708994709
6 0.5653108465608465 0.8407738095238095 0.10284391534391535 0.023478835978835978
3 0.46742724867724866 0.11193783068783068 0.2199074074074074 0.07175925925925926
4 0.4763558201058201 0.16881613756613756 0.24074074074074073 0.04794973544973545
5 0.41550925925925924 0.25396825396825395 0.15046296296296297 0.10119047619047619
9 0.5775462962962963 0.2604166666666667 0.05257936507936508 0.08300264550264551