10 0.5805224867724867 0.3318452380952381 0.040674603174603176 0.020833333333333332
8 0.47784391534391535 0.3513558201058201 0.25992063492063494 0.026785714285714284
11 0.4781746031746032 0.3855820105820106 0.26322751322751325 0.03968253968253968
7 0.4905753968253968 0.4988425925925926 0.34424603174603174 0.9546957671957672
6 0.5601851851851852 0.822255291005291 0.11044973544973545 0.021494708994708994
3 0.47966269841269843 0.08680555555555555 0.21197089947089948 0.06580687830687831
4 0.48578042328042326 0.13971560846560846 0.23544973544973544 0.050595238095238096
5 0.4027777777777778 0.19791666666666666 0.10582010582010581 0.049933862433862435
9 0.5906084656084656 0.20717592592592593 0.04728835978835979 0.042328042328042326
5 0.4373346560846561 0.2789351851851852 0.1636904761904762 0.06117724867724868
9 0.5826719576719577 0.2837301587301587 0.046296296296296294 0.0496031746031746