5 0.46064814814814814 0.42046957671957674 0.21792328042328044 0.046957671957671955
9 0.6081349206349206 0.42493386243386244 0.0667989417989418 0.023148148148148147
10 0.6005291005291006 0.4634589947089947 0.04365079365079365 0.022817460317460316
8 0.49107142857142855 0.4806547619047619 0.2810846560846561 0.03670634920634921
7 0.5006613756613757 0.509755291005291 0.4021164021164021 0.8984788359788359
11 0.4915674603174603 0.5226521164021164 0.2926587301587302 0.06183862433862434
6 0.5739087301587301 0.7858796296296297 0.10515873015873016 0.023148148148148147
3 0.5067791005291006 0.15029761904761904 0.25033068783068785 0.07903439153439154
4 0.5120701058201058 0.20552248677248677 0.25363756613756616 0.05654761904761905
5 0.42410714285714285 0.3039021164021164 0.1306216931216931 0.12764550264550265
9 0.6150793650793651 0.3159722222222222 0.056216931216931214 0.11607142857142858