5 0.4320436507936508 0.3386243386243386 0.15575396825396826 0.2976190476190476
9 0.5578703703703703 0.3492063492063492 0.05489417989417989 0.29365079365079366
7 0.4583333333333333 0.4976851851851852 0.3558201058201058 0.968915343915344
5 0.43452380952380953 0.5233134920634921 0.1593915343915344 0.034722222222222224
9 0.5433201058201058 0.5254629629629629 0.037698412698412696 0.017195767195767195
10 0.5419973544973545 0.5591931216931217 0.03505291005291005 0.018849206349206348
8 0.4540343915343915 0.5993716931216931 0.2222222222222222 0.03869047619047619
11 0.4599867724867725 0.7230489417989417 0.2533068783068783 0.0539021164021164
2 0.4968584656084656 0.10102513227513228 0.15707671957671956 0.03935185185185185
4 0.49107142857142855 0.1388888888888889 0.13392857142857142 0.042328042328042326
6 0.5343915343915344 0.17311507936507936 0.14186507936507936 0.020833333333333332