9 0.5891203703703703 0.4031084656084656 0.05654761904761905 0.023809523809523808
5 0.4117063492063492 0.4088955026455027 0.22288359788359788 0.022156084656084655
10 0.5790343915343915 0.435515873015873 0.05423280423280423 0.026455026455026454
8 0.4537037037037037 0.4775132275132275 0.30224867724867727 0.041005291005291
7 0.4879298941798942 0.5193452380952381 0.3998015873015873 0.9242724867724867
11 0.4624669312169312 0.5251322751322751 0.3177910052910053 0.036375661375661374
6 0.5737433862433863 0.8391203703703703 0.11706349206349206 0.0248015873015873
3 0.44990079365079366 0.12681878306878308 0.267526455026455 0.08498677248677249
4 0.45634920634920634 0.19510582010582012 0.30224867724867727 0.06283068783068783
5 0.39103835978835977 0.3002645502645503 0.2013888888888889 0.11243386243386243
9 0.5858134920634921 0.302744708994709 0.08300264550264551 0.09755291005291006