5 0.388723544973545 0.3758267195767196 0.14054232804232805 0.05257936507936508
9 0.583994708994709 0.38492063492063494 0.06746031746031746 0.03273809523809524
10 0.5730820105820106 0.421957671957672 0.04431216931216931 0.021164021164021163
8 0.46081349206349204 0.45618386243386244 0.2830687830687831 0.037698412698412696
11 0.4652777777777778 0.49702380952380953 0.289021164021164 0.03571428571428571
7 0.486276455026455 0.5046296296296297 0.36342592592592593 0.9067460317460317
6 0.5580357142857143 0.7931547619047619 0.10813492063492064 0.020833333333333332
3 0.4626322751322751 0.1292989417989418 0.23677248677248677 0.08267195767195767
4 0.46924603174603174 0.1863425925925926 0.2605820105820106 0.05720899470899471
5 0.4209656084656085 0.26967592592592593 0.20833333333333334 0.08564814814814815
9 0.5854828042328042 0.2845568783068783 0.06580687830687831 0.06316137566137567