5 0.3872354497354497 0.47585978835978837 0.11243386243386243 0.04298941798941799
9 0.49404761904761907 0.47585978835978837 0.03373015873015873 0.03306878306878307
7 0.42658730158730157 0.5084325396825397 0.25132275132275134 0.9513888888888888
10 0.4937169312169312 0.5114087301587301 0.03306878306878307 0.016865079365079364
8 0.41633597883597884 0.5307539682539683 0.18584656084656084 0.028439153439153438
11 0.4176587301587302 0.5628306878306878 0.19246031746031747 0.03505291005291005
3 0.4348544973544973 0.07903439153439154 0.15079365079365079 0.04563492063492063
6 0.47255291005291006 0.8682208994708994 0.0701058201058201 0.01488095238095238
4 0.4348544973544973 0.11689814814814815 0.1626984126984127 0.02943121693121693
5 0.39814814814814814 0.28687169312169314 0.13955026455026456 0.2906746031746032
9 0.5021494708994709 0.28951719576719576 0.03869047619047619 0.2900132275132275