9 0.548776455026455 0.34540343915343913 0.02943121693121693 0.2027116402116402
5 0.45519179894179895 0.3458994708994709 0.12202380952380952 0.20767195767195767
5 0.45701058201058203 0.4730489417989418 0.12037037037037036 0.014219576719576719
9 0.5497685185185185 0.4732142857142857 0.022156084656084655 0.011904761904761904
5 0.4538690476190476 0.5044642857142857 0.10813492063492064 0.016203703703703703
9 0.5464616402116402 0.5051256613756614 0.030753968253968252 0.016203703703703703
7 0.4798280423280423 0.5056216931216931 0.20502645502645503 0.9298941798941799
10 0.5517526455026455 0.52744708994709 0.03009259259259259 0.015873015873015872
8 0.4808201058201058 0.5909391534391535 0.16666666666666666 0.10912698412698413
11 0.45982142857142855 0.685515873015873 0.12003968253968254 0.01984126984126984
0 0.4750330687830688 0.11755952380952381 0.12996031746031747 0.05257936507936508
4 0.4771825396825397 0.18601190476190477 0.12566137566137567 0.05588624338624339
6 0.49437830687830686 0.2294973544973545 0.1421957671957672 0.01917989417989418